5372 178
5375 180
5376 181
5379 183
5381 184
5382 185
5384 186
5385 187
5388 189
5390 190
5393 192
5398 196
5399 197
5401 198
5404 200
5405 202
5418 212
5420 213
5423 216
5424 217
5427 219
5432 221
5440 226
5444 228
5460 238
5461 239
5463 240
5464 241
5471 245
5476 249
5478 250
5479 251
5481 252
5489 256
5496 259
5504 263
5507 265
5509 266
5513 269
5514 270
5524 276
5525 344
5529 346
5530 347
5534 350
5547 359
7020 451
7021 452
7023 453
7027 454
7043 464
7047 466
7050 467
7051 468
7052 469
7054 470
7057 471
7072 474
7074 475
7080 477
7081 478
7082 479
7084 480
7086 481
7096 489
7097 490
7099 491
7101 492
7102 493
7104 494
7106 495
7107 496
7108 497
7110 498
7112 500
7113 501
7115 502
7116 503
7118 504
7120 505
7122 506
7124 507
7125 508
7126 509
7128 510
7129 511
7130 512
7131 514
7133 515
7134 516
7135 517
7138 519
7139 520
7141 521
7143 522
7144 523
7146 525
7148 527
7149 528
7150 529
7152 530
7153 531
7155 532
7156 533
7157 534
7159 535
7160 536
7161 537
7163 538
7164 539
7165 540
7167 541
7184 555
7186 556
7187 557
7188 558
7190 559
7191 560
7192 561
7193 562
7194 563
7196 564
7197 565
7198 566
7199 567
7201 569
7202 570
7203 571
7204 572
7205 573
7207 574
7208 575
7209 576
7210 577
7211 578
7212 579
7214 580
7216 582
7217 583
7219 584
7220 585
7222 587
7223 588
7225 589
7243 596
7244 597
7245 598
7246 599
7248 601
7250 602
7251 603
7252 604
7253 605
7255 606
7256 607
7258 608
7259 609
7260 610
7262 611
7854 944
7855 945
7857 947
7859 948
7860 949
7861 950
7863 951
7865 952
7867 953
7868 954
7871 956
7874 958
7877 960
7878 961
7880 962
7881 963
7882 964
7884 965
7885 966
7887 968
7888 969
7890 970
7891 971
7893 972
7894 973
7895 974
7896 975
7898 976
7900 978
7901 979
7903 981
7905 982
7910 987
7911 988
7930 7930
7932 7932
7934 7934
7935 7935
7942 7942
7944 7944
7946 7946
7947 7947
7949 7949
7950 7950
7953 7953
7955 7955
7958 7958
7959 7959
7961 7961
7965 7965
7966 7966
7967 7967
7969 7969
7972 7972
7974 7974
7975 7975
7977 7977
7978 7978
7980 7980
7982 7982
7985 7985
7988 7988
7990 7990
7993 7993
7994 7994
7996 7996
8000 8000
8003 8003
8004 8004
8006 8006
8007 8007
8008 8008
8009 8009
8010 8010
8012 8012
8014 8014
8015 8015
8017 8017
8018 8018
8019 8019
8020 8020
8021 8021
8022 8022
8023 8023
8024 8024
8025 8025
8027 8027
8030 8030
8032 8032
8034 8034
8036 8036
8038 8038
8040 8040
8041 8041
8042 8042
8044 8044
8045 8045
8046 8046
8048 8048
8049 8049
8051 8051
8053 8053
8057 8057
8059 8059
8063 8063
8064 8064
8066 8066
8068 8068
8072 8072
8073 8073
8074 8074
8075 8075
8078 8078
8081 8081
8082 8082
8083 8083
8085 8085
8086 8086
8088 8088
8089 8089
8090 8090
8093 8093
8094 8094
8096 8096
8097 8097
8098 8098
8099 8099
8101 8101
8102 8102
8103 8103
8106 8106
8120 8120
8121 8121
8122 8122
8124 8124
8126 8126
8128 8128
8129 8129
8130 8130
8131 8131
8132 8132
8133 8133
8136 8136
8137 8137
8138 8138
8140 8140
8143 8143
8144 8144
8146 8146
8147 8147
8148 8148
8150 8150
8152 8152
8154 8154
8157 8157
8158 8158
8161 8161
8165 8165
8166 8166
8167 8167
8170 8170
8175 8175
8179 8179
8180 8180
8182 8182
8183 8183
8184 8184
8185 8185
8186 8186
8187 8187
8190 8190
8191 8191
8192 8192
8193 8193
8195 8195
8196 8196
8197 8197
8200 8200
8201 8201
8203 8203
8204 8204
8205 8205
8206 8206
8207 8207
8210 8210
8211 8211
8214 8214
8215 8215
8216 8216
8217 8217
8219 8219
8220 8220
8222 8222
8224 8224
8225 8225
8226 8226
8253 8253
8255 8255
8256 8256
8259 8259
8262 8262
8264 8264
8265 8265
8268 8268
8269 8269
8270 8270
8272 8272
8273 8273
8274 8274
8279 8279
8282 8282
8283 8283
8286 8286
8287 8287
8288 8288
8290 8290
8291 8291
8292 8292
8294 8294
8295 8295
8298 8298
8299 8299
8300 8300
8302 8302
8303 8303
8305 8305
8306 8306
8307 8307
8309 8309
8310 8310
8311 8311
8318 8318
8319 8319
8321 8321
8322 8322
8323 8323
8324 8324
8325 8325
8326 8326
8327 8327
8328 8328
8329 8329
8330 8330
8333 8333
8334 8334
8337 8337
8338 8338
8341 8341
8342 8342
8344 8344
8346 8346
8348 8348
8349 8349
8350 8350
8354 8354
8355 8355
8357 8357
8358 8358
8361 8361
8365 8365
8366 8366
8367 8367
8368 8368
8371 8371
8372 8372
8374 8374
8375 8375
8377 8377
8378 8378
8379 8379
8382 8382
8383 8383
8386 8386
8387 8387
8390 8390
8391 8391
8394 8394
8395 8395
8397 8397
8398 8398
8400 8400
8410 8410
8411 8411
8412 8412
8413 8413
8415 8415
8416 8416
8418 8418
8419 8419
8421 8421
8422 8422
8423 8423
8425 8425
8429 8429
8430 8430
8432 8432
8433 8433
